{
 "cells": [
  {
   "cell_type": "code",
   "execution_count": 571,
   "id": "ad3b995e-3dbd-4aaf-a96e-06293b10132d",
   "metadata": {},
   "outputs": [],
   "source": [
    "import numpy as np\n",
    "import pandas as pd\n",
    "import math"
   ]
  },
  {
   "cell_type": "code",
   "execution_count": 572,
   "id": "6463e950-ebad-4d7f-a3df-98c736386885",
   "metadata": {},
   "outputs": [],
   "source": [
    "batch_size = 10\n",
    "in_size = 257\n",
    "h1_size = 769\n",
    "h2_size = 192\n",
    "h3_size = 30\n",
    "out_size = 10"
   ]
  },
  {
   "cell_type": "markdown",
   "id": "51bce7b5-5660-4eab-9d7b-8f9d4ab37cd1",
   "metadata": {},
   "source": [
    "# LOAD IN ALL VALUES"
   ]
  },
  {
   "cell_type": "code",
   "execution_count": 573,
   "id": "da16de30-6aac-4c74-a5cd-059d15ecbcd3",
   "metadata": {},
   "outputs": [],
   "source": [
    "W_h1 = np.fromfile(\"W_h1\", dtype=np.float32)\n",
    "W_h1_full = np.fromfile(\"W_h1_full\", dtype=np.float32)\n",
    "W_h2 = np.fromfile(\"W_h2\", dtype=np.float32)\n",
    "W_h2_full = np.fromfile(\"W_h2_full\", dtype=np.float32)\n",
    "W_h3 = np.fromfile(\"W_h3\", dtype=np.float32)\n",
    "W_out = np.fromfile(\"W_out\", dtype=np.float32)"
   ]
  },
  {
   "cell_type": "code",
   "execution_count": 574,
   "id": "00b01b28-3feb-4d17-a345-dadaf9644d47",
   "metadata": {},
   "outputs": [],
   "source": [
    "W_h1 = np.reshape(W_h1, (300, 1))\n",
    "W_h1_full = np.reshape(W_h1_full, (h1_size, in_size))\n",
    "W_h2 = np.reshape(W_h2, (2400, 1))\n",
    "W_h2_full = np.reshape(W_h2_full, (h2_size, h1_size))\n",
    "W_h3 = np.reshape(W_h3, (h3_size, h2_size))\n",
    "W_out = np.reshape(W_out, (out_size, h3_size))"
   ]
  },
  {
   "cell_type": "code",
   "execution_count": 575,
   "id": "77065e79-224b-4e4f-ac4b-a68155a541fc",
   "metadata": {},
   "outputs": [],
   "source": [
    "B_h1 = np.fromfile(\"B_h1\", dtype=np.float32)\n",
    "B_h2 = np.fromfile(\"B_h2\", dtype=np.float32)\n",
    "B_h3 = np.fromfile(\"B_h3\", dtype=np.float32)\n",
    "B_out = np.fromfile(\"B_out\", dtype=np.float32)"
   ]
  },
  {
   "cell_type": "code",
   "execution_count": 576,
   "id": "22b7b3f0-2bff-4c46-839f-8a53be51776f",
   "metadata": {},
   "outputs": [],
   "source": [
    "B_h1 = np.reshape(B_h1, (h1_size, 1))\n",
    "B_h2 = np.reshape(B_h2, (h2_size, 1))\n",
    "B_h3 = np.reshape(B_h3, (h3_size, 1))\n",
    "B_out = np.reshape(B_out, (out_size, 1))"
   ]
  },
  {
   "cell_type": "code",
   "execution_count": 577,
   "id": "64f1c784-eaf0-45be-ab1d-e4feb4fc64f0",
   "metadata": {},
   "outputs": [],
   "source": [
    "A_h1 = np.fromfile(\"A_h1\", dtype=np.float32)\n",
    "A_h2 = np.fromfile(\"A_h2\", dtype=np.float32)\n",
    "A_h3 = np.fromfile(\"A_h3\", dtype=np.float32)\n",
    "A_out = np.fromfile(\"A_out\", dtype=np.float32)"
   ]
  },
  {
   "cell_type": "code",
   "execution_count": 578,
   "id": "64019bcc-2f3a-4444-a6bb-fb19b4232769",
   "metadata": {},
   "outputs": [],
   "source": [
    "A_h1 = np.reshape(A_h1, (h1_size, batch_size))\n",
    "A_h2 = np.reshape(A_h2, (h2_size, batch_size))\n",
    "A_h3 = np.reshape(A_h3, (h3_size, batch_size))\n",
    "A_out = np.reshape(A_out, (out_size, batch_size))"
   ]
  },
  {
   "cell_type": "code",
   "execution_count": 579,
   "id": "dc6dd97d-2bff-4801-894d-5d57d6948f52",
   "metadata": {},
   "outputs": [],
   "source": [
    "X_in = np.fromfile(\"X_in\", dtype=np.float32)\n",
    "X_h1 = np.fromfile(\"X_h1\", dtype=np.float32)\n",
    "X_h2 = np.fromfile(\"X_h2\", dtype=np.float32)\n",
    "X_h3 = np.fromfile(\"X_h3\", dtype=np.float32)\n",
    "X_out = np.fromfile(\"X_out\", dtype=np.float32)\n",
    "Y_out = np.fromfile(\"Y_out\", dtype=np.float32)"
   ]
  },
  {
   "cell_type": "code",
   "execution_count": 580,
   "id": "68b65905-57bc-47c6-9204-2c4969287f4e",
   "metadata": {},
   "outputs": [],
   "source": [
    "X_in = np.reshape(X_in, (in_size, batch_size))\n",
    "X_h1 = np.reshape(X_h1, (h1_size, batch_size))\n",
    "X_h2 = np.reshape(X_h2, (h2_size, batch_size))\n",
    "X_h3 = np.reshape(X_h3, (h3_size, batch_size))\n",
    "X_out = np.reshape(X_out, (out_size, batch_size))\n",
    "Y_out = np.reshape(Y_out, (out_size, batch_size))"
   ]
  },
  {
   "cell_type": "code",
   "execution_count": 581,
   "id": "cb76752c-b092-4f77-9c6c-0b2532bf8c23",
   "metadata": {},
   "outputs": [],
   "source": [
    "dW_h1 = np.fromfile(\"dW_h1\", dtype=np.float32)\n",
    "dW_h2 = np.fromfile(\"dW_h2\", dtype=np.float32)\n",
    "dW_h3 = np.fromfile(\"dW_h3\", dtype=np.float32)\n",
    "dW_out = np.fromfile(\"dW_out\", dtype=np.float32)"
   ]
  },
  {
   "cell_type": "code",
   "execution_count": 582,
   "id": "06a39d8d-9a59-42a9-bc27-091c971d63b3",
   "metadata": {},
   "outputs": [],
   "source": [
    "dW_h1 = np.reshape(dW_h1, (300, 1))\n",
    "dW_h2 = np.reshape(dW_h2, (2400, 1))\n",
    "dW_h3 = np.reshape(dW_h3, (h3_size, h2_size))\n",
    "dW_out = np.reshape(dW_out, (out_size, h3_size))"
   ]
  },
  {
   "cell_type": "code",
   "execution_count": 583,
   "id": "c2865ed3-5719-4981-8950-d4d6918af128",
   "metadata": {},
   "outputs": [],
   "source": [
    "dX_h1 = np.fromfile(\"dX_h1\", dtype=np.float32)\n",
    "dX_h2 = np.fromfile(\"dX_h2\", dtype=np.float32)\n",
    "dX_h3 = np.fromfile(\"dX_h3\", dtype=np.float32)\n",
    "dX_out = np.fromfile(\"dX_out\", dtype=np.float32)"
   ]
  },
  {
   "cell_type": "code",
   "execution_count": 584,
   "id": "8bad21a2-6183-4d60-963e-4e72a13cbe35",
   "metadata": {},
   "outputs": [],
   "source": [
    "softmax_jacobian = np.fromfile(\"softmax_jacobian\", dtype=np.float32)\n",
    "softmax_jacobian = np.reshape(softmax_jacobian, (batch_size, out_size, out_size))"
   ]
  },
  {
   "cell_type": "code",
   "execution_count": 585,
   "id": "b7d05b20-b514-46e6-ad0f-d720b0460b98",
   "metadata": {},
   "outputs": [],
   "source": [
    "dX_h1 = np.reshape(dX_h1, (h1_size, batch_size))\n",
    "dX_h2 = np.reshape(dX_h2, (h2_size, batch_size))\n",
    "dX_h3 = np.reshape(dX_h3, (h3_size, batch_size))\n",
    "dX_out = np.reshape(dX_out, (out_size, batch_size))"
   ]
  },
  {
   "cell_type": "code",
   "execution_count": 586,
   "id": "3b73bf89-312e-4bfa-bdd3-535f12baf6b0",
   "metadata": {},
   "outputs": [],
   "source": [
    "dX_h1_activation = np.fromfile(\"dX_h1_activation\", dtype=np.float32)\n",
    "dX_h2_activation = np.fromfile(\"dX_h2_activation\", dtype=np.float32)\n",
    "dX_h3_activation = np.fromfile(\"dX_h3_activation\", dtype=np.float32)\n",
    "dX_out_activation = np.fromfile(\"dX_out_activation\", dtype=np.float32)"
   ]
  },
  {
   "cell_type": "code",
   "execution_count": 587,
   "id": "783b34ff-45ac-43bb-b4a6-bee6bf55c1ae",
   "metadata": {},
   "outputs": [],
   "source": [
    "dX_h1_activation = np.reshape(dX_h1_activation, (h1_size, batch_size))\n",
    "dX_h2_activation = np.reshape(dX_h2_activation, (h2_size, batch_size))\n",
    "dX_h3_activation = np.reshape(dX_h3_activation, (h3_size, batch_size))\n",
    "dX_out_activation = np.reshape(dX_out_activation, (out_size, batch_size))"
   ]
  },
  {
   "cell_type": "code",
   "execution_count": 588,
   "id": "c5bb1778-0e47-44f8-b4ba-21adf4668ec9",
   "metadata": {},
   "outputs": [],
   "source": [
    "sec_dX_h1_activation = np.fromfile(\"sec_dX_h1_activation\", dtype=np.float32)\n",
    "sec_dX_h2_activation = np.fromfile(\"sec_dX_h2_activation\", dtype=np.float32)\n",
    "sec_dX_h3_activation = np.fromfile(\"sec_dX_h3_activation\", dtype=np.float32)\n",
    "sec_dX_out_activation = np.fromfile(\"sec_dX_out_activation\", dtype=np.float32)"
   ]
  },
  {
   "cell_type": "code",
   "execution_count": 589,
   "id": "021fcf8a-f042-4335-ba2a-e32ccd5325be",
   "metadata": {},
   "outputs": [],
   "source": [
    "sec_dX_h1_activation = np.reshape(sec_dX_h1_activation, (h1_size, batch_size))\n",
    "sec_dX_h2_activation = np.reshape(sec_dX_h2_activation, (h2_size, batch_size))\n",
    "sec_dX_h3_activation = np.reshape(sec_dX_h3_activation, (h3_size, batch_size))\n",
    "sec_dX_out_activation = np.reshape(sec_dX_out_activation, (out_size, batch_size))"
   ]
  },
  {
   "cell_type": "code",
   "execution_count": 590,
   "id": "574ef682-98c9-453c-97f6-3724203412f8",
   "metadata": {},
   "outputs": [],
   "source": [
    "W_h1_norm = np.fromfile(\"B_h1_norm\", dtype=np.float32)[0]\n",
    "W_h2_norm = np.fromfile(\"B_h2_norm\", dtype=np.float32)[0]\n",
    "W_h3_norm = np.fromfile(\"B_h3_norm\", dtype=np.float32)[0]\n",
    "W_out_norm = np.fromfile(\"B_out_norm\", dtype=np.float32)[0]"
   ]
  },
  {
   "cell_type": "code",
   "execution_count": 591,
   "id": "098f6a95-ffc3-40e6-9872-dbfafa3d8d46",
   "metadata": {},
   "outputs": [],
   "source": [
    "B_h1_norm = np.fromfile(\"B_h1_norm\", dtype=np.float32)[0]\n",
    "B_h2_norm = np.fromfile(\"B_h2_norm\", dtype=np.float32)[0]\n",
    "B_h3_norm = np.fromfile(\"B_h3_norm\", dtype=np.float32)[0]\n",
    "B_out_norm = np.fromfile(\"B_out_norm\", dtype=np.float32)[0]"
   ]
  },
  {
   "cell_type": "code",
   "execution_count": 592,
   "id": "3a9da1e7-58e2-4822-8c0e-80dda16ec123",
   "metadata": {},
   "outputs": [],
   "source": [
    "sec_dW_h1 = np.fromfile(\"sec_dW_h1\", dtype=np.float32)\n",
    "sec_dW_h2 = np.fromfile(\"sec_dW_h2\", dtype=np.float32)\n",
    "sec_dW_h3 = np.fromfile(\"sec_dW_h3\", dtype=np.float32)\n",
    "sec_dW_out = np.fromfile(\"sec_dW_out\", dtype=np.float32)"
   ]
  },
  {
   "cell_type": "code",
   "execution_count": 593,
   "id": "e458fd0c-a2fd-4df6-b161-a6a34acaca7b",
   "metadata": {},
   "outputs": [],
   "source": [
    "sec_dW_h1 = np.reshape(sec_dW_h1, (300, 1))\n",
    "sec_dW_h2 = np.reshape(sec_dW_h2, (2400, 1))\n",
    "sec_dW_h3 = np.reshape(sec_dW_h3, (h3_size, h2_size))\n",
    "sec_dW_out = np.reshape(sec_dW_out, (out_size, h3_size))"
   ]
  },
  {
   "cell_type": "code",
   "execution_count": 594,
   "id": "8f0c0fa7-41da-4a88-9426-0a087897d35f",
   "metadata": {},
   "outputs": [],
   "source": [
    "sec_dB_h1 = np.fromfile(\"sec_dB_h1\", dtype=np.float32)\n",
    "sec_dB_h2 = np.fromfile(\"sec_dB_h2\", dtype=np.float32)\n",
    "sec_dB_h3 = np.fromfile(\"sec_dB_h3\", dtype=np.float32)\n",
    "sec_dB_out = np.fromfile(\"sec_dB_out\", dtype=np.float32)"
   ]
  },
  {
   "cell_type": "code",
   "execution_count": 595,
   "id": "729b5841-bab3-4e80-a28f-c5530c487893",
   "metadata": {},
   "outputs": [],
   "source": [
    "sec_dB_h1 = np.reshape(sec_dB_h1, (h1_size, 1))\n",
    "sec_dB_h2 = np.reshape(sec_dB_h2, (h2_size, 1))\n",
    "sec_dB_h3 = np.reshape(sec_dB_h3, (h3_size, 1))\n",
    "sec_dB_out = np.reshape(sec_dB_out, (out_size, 1))"
   ]
  },
  {
   "cell_type": "code",
   "execution_count": 596,
   "id": "07377cac-3172-40f7-84a4-0cc82bbc06bd",
   "metadata": {},
   "outputs": [],
   "source": [
    "W_h1_step = np.fromfile(\"W_h1_step\", dtype=np.float32)\n",
    "W_h2_step = np.fromfile(\"W_h2_step\", dtype=np.float32)\n",
    "W_h3_step = np.fromfile(\"W_h3_step\", dtype=np.float32)\n",
    "W_out_step = np.fromfile(\"W_out_step\", dtype=np.float32)"
   ]
  },
  {
   "cell_type": "code",
   "execution_count": 597,
   "id": "cb2ce6f5-5e0b-41f5-a82c-be79031f8739",
   "metadata": {},
   "outputs": [],
   "source": [
    "W_h1_step = np.reshape(W_h1_step, (300, 1))\n",
    "W_h2_step = np.reshape(W_h2_step, (2400, 1))\n",
    "W_h3_step = np.reshape(W_h3_step, (h3_size, h2_size))\n",
    "W_out_step = np.reshape(W_out_step, (out_size, h3_size))"
   ]
  },
  {
   "cell_type": "code",
   "execution_count": 598,
   "id": "b9117809-4f21-456a-bfe1-52e43ee8261d",
   "metadata": {},
   "outputs": [],
   "source": [
    "B_h1_step = np.fromfile(\"B_h1_step\", dtype=np.float32)\n",
    "B_h2_step = np.fromfile(\"B_h2_step\", dtype=np.float32)\n",
    "B_h3_step = np.fromfile(\"B_h3_step\", dtype=np.float32)\n",
    "B_out_step = np.fromfile(\"B_out_step\", dtype=np.float32)"
   ]
  },
  {
   "cell_type": "code",
   "execution_count": 599,
   "id": "2a8d987b-ec70-495a-9743-80032f6cd359",
   "metadata": {},
   "outputs": [],
   "source": [
    "B_h1_step = np.reshape(B_h1_step, (h1_size, 1))\n",
    "B_h2_step = np.reshape(B_h2_step, (h2_size, 1))\n",
    "B_h3_step = np.reshape(B_h3_step, (h3_size, 1))\n",
    "B_out_step = np.reshape(B_out_step, (out_size, 1))"
   ]
  },
  {
   "cell_type": "code",
   "execution_count": 601,
   "id": "8aeb6db1-9780-457a-b827-b5cca3eb6515",
   "metadata": {},
   "outputs": [
    {
     "data": {
      "text/plain": [
       "2.9436138"
      ]
     },
     "execution_count": 601,
     "metadata": {},
     "output_type": "execute_result"
    }
   ],
   "source": [
    "W_h3_norm"
   ]
  },
  {
   "cell_type": "markdown",
   "id": "a14e436c-a17b-422c-b0ae-480453cf0955",
   "metadata": {},
   "source": [
    "### DEBUG (WHERE IS SHE GOING WRONG???)"
   ]
  },
  {
   "cell_type": "code",
   "execution_count": 602,
   "id": "d0891c71-b945-4d8b-8f62-dec425b81045",
   "metadata": {},
   "outputs": [],
   "source": [
    "def my_tanh_activ(in_arr):\n",
    "    rows = in_arr.shape[0]\n",
    "    cols = in_arr.shape[1]\n",
    "    activ = np.empty((rows, cols))\n",
    "    for i in range(rows):\n",
    "        for j in range(cols):\n",
    "            val = in_arr[i, j]\n",
    "            activ[i, j] = 1.7159 * math.tanh((2.0 / 3) * val)\n",
    "    return activ"
   ]
  },
  {
   "cell_type": "code",
   "execution_count": 603,
   "id": "4c36dc2d-258c-42fe-b898-bed95386e899",
   "metadata": {},
   "outputs": [],
   "source": [
    "def my_softmax(in_arr):\n",
    "    classes = in_arr.shape[0]\n",
    "    batch_size = in_arr.shape[1]\n",
    "    out = np.empty((classes, batch_size))\n",
    "    for samp in range(batch_size):\n",
    "        s = 0\n",
    "        for c in range(classes):\n",
    "            s += np.exp(in_arr[c, samp])\n",
    "        for c in range(classes):\n",
    "            out[c, samp] = np.exp(in_arr[c, samp]) / s\n",
    "    return out"
   ]
  },
  {
   "cell_type": "code",
   "execution_count": 604,
   "id": "210f84e9-986c-4d02-b985-c1e0b3bed6c7",
   "metadata": {},
   "outputs": [],
   "source": [
    "def my_softmax_jacobian(in_arr):\n",
    "    classes = in_arr.shape[0]\n",
    "    batch_size = in_arr.shape[1]\n",
    "    jacobian = np.empty((batch_size, classes, classes))\n",
    "    for samp in range(batch_size):\n",
    "        for i in range(classes):\n",
    "            for j in range(classes):\n",
    "                if i == j:\n",
    "                    jacobian[samp, i, j] = in_arr[i, samp] * (1 - in_arr[i, samp])\n",
    "                else:\n",
    "                    jacobian[samp, i, j] = -1 * in_arr[i, samp] * in_arr[j, samp]\n",
    "    return jacobian"
   ]
  },
  {
   "cell_type": "code",
   "execution_count": 605,
   "id": "1f722ca8-cdaf-47fb-a4a5-060169dabad4",
   "metadata": {},
   "outputs": [],
   "source": [
    "def my_activation_deriv_soft(gradient, jacobian):\n",
    "    classes = gradient.shape[0]\n",
    "    batch_size = gradient.shape[1]\n",
    "    activ_deriv = np.empty((classes, batch_size))\n",
    "    for samp in range(batch_size):\n",
    "        for i in range(classes):\n",
    "            s = 0\n",
    "            for k in range(classes):\n",
    "                s += gradient[k, samp] * jacobian[samp, i, k]\n",
    "            activ_deriv[i, samp] = s\n",
    "    return activ_deriv"
   ]
  },
  {
   "cell_type": "code",
   "execution_count": 606,
   "id": "5442eff0-6288-4062-9e10-8257ae2795c1",
   "metadata": {},
   "outputs": [],
   "source": [
    "def softmax_second_deriv(in_arr):\n",
    "    rows = in_arr.shape[0]\n",
    "    cols = in_arr.shape[1]\n",
    "    secDeriv = np.empty((rows, cols))\n",
    "    for i in range(rows):\n",
    "        for j in range(cols):\n",
    "            secDeriv[i, j] = in_arr[i, j] * (1 - in_arr[i, j])\n",
    "    return secDeriv"
   ]
  },
  {
   "cell_type": "code",
   "execution_count": 624,
   "id": "bc76691a-7df6-4a31-be9c-6d410d9de475",
   "metadata": {},
   "outputs": [
    {
     "data": {
      "text/plain": [
       "-0.72151375"
      ]
     },
     "execution_count": 624,
     "metadata": {},
     "output_type": "execute_result"
    }
   ],
   "source": [
    "np.mean(X_in)"
   ]
  },
  {
   "cell_type": "code",
   "execution_count": 239,
   "id": "40c77356-937d-4b6b-b75b-d679300f852b",
   "metadata": {},
   "outputs": [],
   "source": [
    "activ_h1 = my_tanh_activ(A_h1)"
   ]
  },
  {
   "cell_type": "code",
   "execution_count": 240,
   "id": "a612f841-ca48-4075-bcf7-4b28eef344f0",
   "metadata": {},
   "outputs": [],
   "source": [
    "fakeA_out = W_out @ X_h3 + B_out"
   ]
  },
  {
   "cell_type": "code",
   "execution_count": 241,
   "id": "598fe4e4-1b20-42ab-a0ff-5777e9f6ebd7",
   "metadata": {},
   "outputs": [],
   "source": [
    "fakeX_out = softmax(A_out)"
   ]
  },
  {
   "cell_type": "code",
   "execution_count": 246,
   "id": "90498932-8583-4081-a7bd-9f0e2b9d0416",
   "metadata": {},
   "outputs": [
    {
     "data": {
      "text/plain": [
       "array([[0., 0., 0., 0., 0., 1., 0., 0., 0., 0.],\n",
       "       [0., 0., 0., 0., 0., 0., 0., 0., 0., 1.],\n",
       "       [0., 0., 0., 0., 0., 0., 0., 1., 0., 0.],\n",
       "       [1., 0., 1., 0., 1., 0., 0., 0., 0., 0.],\n",
       "       [0., 0., 0., 1., 0., 0., 0., 0., 0., 0.],\n",
       "       [0., 1., 0., 0., 0., 0., 1., 0., 0., 0.],\n",
       "       [0., 0., 0., 0., 0., 0., 0., 0., 0., 0.],\n",
       "       [0., 0., 0., 0., 0., 0., 0., 0., 0., 0.],\n",
       "       [0., 0., 0., 0., 0., 0., 0., 0., 1., 0.],\n",
       "       [0., 0., 0., 0., 0., 0., 0., 0., 0., 0.]], dtype=float32)"
      ]
     },
     "execution_count": 246,
     "metadata": {},
     "output_type": "execute_result"
    }
   ],
   "source": [
    "Y_out"
   ]
  },
  {
   "cell_type": "code",
   "execution_count": 242,
   "id": "8d525e8e-9371-4087-b6b7-61b23e71c7c0",
   "metadata": {},
   "outputs": [
    {
     "data": {
      "text/plain": [
       "array([[0.0625987 , 0.05877733, 0.0520235 , 0.04787069, 0.06897437,\n",
       "        0.1525177 , 0.11772489, 0.04606903, 0.04245582, 0.02399107],\n",
       "       [0.22371797, 0.18675048, 0.20421109, 0.06756522, 0.14903544,\n",
       "        0.03303778, 0.04198031, 0.26315192, 0.34423457, 0.52845881],\n",
       "       [0.11797547, 0.13424953, 0.12872319, 0.10060536, 0.12541068,\n",
       "        0.08954452, 0.06856954, 0.12952052, 0.10417882, 0.08736992],\n",
       "       [0.11166087, 0.07878829, 0.11005365, 0.08509234, 0.08800875,\n",
       "        0.12375522, 0.14061136, 0.10360302, 0.08287004, 0.06867951],\n",
       "       [0.07845688, 0.0975673 , 0.0751626 , 0.19976036, 0.0922534 ,\n",
       "        0.10623627, 0.09567904, 0.07564908, 0.0535683 , 0.03422606],\n",
       "       [0.06661036, 0.06212261, 0.07431718, 0.06725134, 0.06912485,\n",
       "        0.09808704, 0.10877172, 0.05494497, 0.05534071, 0.03425657],\n",
       "       [0.10641769, 0.13526247, 0.10013531, 0.14439341, 0.12392239,\n",
       "        0.09336742, 0.06572107, 0.11920122, 0.08699162, 0.07120648],\n",
       "       [0.08189807, 0.09191853, 0.07878677, 0.1001294 , 0.11020484,\n",
       "        0.12149589, 0.14996371, 0.06795532, 0.0797061 , 0.0478703 ],\n",
       "       [0.07454731, 0.0781694 , 0.09981871, 0.06546067, 0.09021952,\n",
       "        0.08021284, 0.09973544, 0.07055185, 0.08839656, 0.06032734],\n",
       "       [0.07611669, 0.07639405, 0.076768  , 0.12187121, 0.08284576,\n",
       "        0.10174532, 0.11124291, 0.06935307, 0.06225745, 0.04361394]])"
      ]
     },
     "execution_count": 242,
     "metadata": {},
     "output_type": "execute_result"
    }
   ],
   "source": [
    "fakeX_out"
   ]
  },
  {
   "cell_type": "code",
   "execution_count": 245,
   "id": "fbe234d3-4c81-431f-86d6-64dca1af9b7a",
   "metadata": {},
   "outputs": [
    {
     "data": {
      "text/plain": [
       "array([[0.06259869, 0.05877733, 0.0520235 , 0.04787069, 0.06897438,\n",
       "        0.15251769, 0.1177249 , 0.04606902, 0.04245582, 0.02399107],\n",
       "       [0.22371797, 0.18675047, 0.20421113, 0.06756523, 0.14903547,\n",
       "        0.03303778, 0.04198031, 0.26315188, 0.34423456, 0.52845883],\n",
       "       [0.11797547, 0.13424954, 0.1287232 , 0.10060536, 0.12541069,\n",
       "        0.08954451, 0.06856955, 0.1295205 , 0.10417882, 0.08736993],\n",
       "       [0.11166086, 0.0787883 , 0.11005365, 0.08509234, 0.08800875,\n",
       "        0.12375522, 0.14061135, 0.10360301, 0.08287004, 0.0686795 ],\n",
       "       [0.07845689, 0.0975673 , 0.0751626 , 0.19976035, 0.09225341,\n",
       "        0.10623626, 0.09567904, 0.07564908, 0.0535683 , 0.03422606],\n",
       "       [0.06661036, 0.06212261, 0.07431719, 0.06725133, 0.06912486,\n",
       "        0.09808704, 0.10877173, 0.05494496, 0.05534071, 0.03425657],\n",
       "       [0.10641769, 0.13526247, 0.10013531, 0.14439341, 0.1239224 ,\n",
       "        0.09336742, 0.06572107, 0.11920121, 0.08699162, 0.0712065 ],\n",
       "       [0.08189806, 0.09191854, 0.07878678, 0.1001294 , 0.11020485,\n",
       "        0.12149589, 0.14996372, 0.06795532, 0.0797061 , 0.0478703 ],\n",
       "       [0.07454729, 0.07816941, 0.09981872, 0.06546066, 0.09021953,\n",
       "        0.08021284, 0.09973543, 0.07055184, 0.08839656, 0.06032735],\n",
       "       [0.07611668, 0.07639406, 0.076768  , 0.12187121, 0.08284578,\n",
       "        0.10174531, 0.11124291, 0.06935306, 0.06225744, 0.04361394]],\n",
       "      dtype=float32)"
      ]
     },
     "execution_count": 245,
     "metadata": {},
     "output_type": "execute_result"
    }
   ],
   "source": [
    "X_out"
   ]
  },
  {
   "cell_type": "code",
   "execution_count": 608,
   "id": "18330404-3470-4b86-b5af-9f56005473bc",
   "metadata": {},
   "outputs": [],
   "source": [
    "my_jacobian = my_softmax_jacobian(X_out)"
   ]
  },
  {
   "cell_type": "code",
   "execution_count": 609,
   "id": "117cad02-9d3a-481c-9c9a-0a0cf2525c72",
   "metadata": {},
   "outputs": [
    {
     "data": {
      "text/plain": [
       "array([[-0.03526664,  0.02297663,  0.00123604,  0.00120966, -0.0052218 ,\n",
       "        -0.00191766,  0.00459081, -0.00077806,  0.00884017,  0.00156684],\n",
       "       [ 0.02297663,  0.21981761, -0.02441841, -0.02389744,  0.10315894,\n",
       "         0.03788412, -0.09069342,  0.01537091, -0.17464133, -0.03095367],\n",
       "       [ 0.00123604, -0.02441841,  0.03492998, -0.00128557,  0.00554947,\n",
       "         0.00203799, -0.00487888,  0.00082688, -0.00939489, -0.00166516],\n",
       "       [ 0.00120966, -0.02389744, -0.00128557,  0.03421216,  0.00543107,\n",
       "         0.00199451, -0.00477479,  0.00080924, -0.00919445, -0.00162964],\n",
       "       [-0.0052218 ,  0.10315894,  0.00554947,  0.00543107, -0.17656045,\n",
       "        -0.00860976,  0.02061151, -0.00349328,  0.03969   ,  0.00703471],\n",
       "       [-0.00191766,  0.03788412,  0.00203799,  0.00199451, -0.00860976,\n",
       "        -0.05939221,  0.00756938, -0.00128287,  0.01457577,  0.00258343],\n",
       "       [ 0.00459081, -0.09069342, -0.00487888, -0.00477479,  0.02061151,\n",
       "         0.00756938,  0.11649288,  0.00307116, -0.03489394, -0.00618465],\n",
       "       [-0.00077806,  0.01537091,  0.00082688,  0.00080924, -0.00349328,\n",
       "        -0.00128287,  0.00307116, -0.02333513,  0.0059139 ,  0.00104819],\n",
       "       [ 0.00884017, -0.17464133, -0.00939489, -0.00919445,  0.03969   ,\n",
       "         0.01457577, -0.03489394,  0.0059139 ,  0.19202273, -0.0119093 ],\n",
       "       [ 0.00156684, -0.03095367, -0.00166516, -0.00162964,  0.00703471,\n",
       "         0.00258343, -0.00618465,  0.00104819, -0.0119093 ,  0.04383286]])"
      ]
     },
     "execution_count": 609,
     "metadata": {},
     "output_type": "execute_result"
    }
   ],
   "source": [
    "my_jacobian[0]"
   ]
  },
  {
   "cell_type": "code",
   "execution_count": 247,
   "id": "a417fc87-6210-4cc9-9a08-e12b320d29a9",
   "metadata": {},
   "outputs": [
    {
     "data": {
      "text/plain": [
       "array([[ 0.05868009, -0.01400445, -0.00738511, -0.00698982, -0.0049113 ,\n",
       "        -0.00416972, -0.00666161, -0.00512671, -0.00466656, -0.0047648 ],\n",
       "       [-0.01400445,  0.17366824, -0.02639323, -0.02498054, -0.01755222,\n",
       "        -0.01490193, -0.02380755, -0.01832207, -0.01667757, -0.01702867],\n",
       "       [-0.00738511, -0.02639323,  0.10405726, -0.01317324, -0.00925599,\n",
       "        -0.00785839, -0.01255468, -0.00966196, -0.00879475, -0.0089799 ],\n",
       "       [-0.00698982, -0.02498054, -0.01317324,  0.09919272, -0.00876056,\n",
       "        -0.00743777, -0.01188269, -0.00914481, -0.00832401, -0.00849925],\n",
       "       [-0.0049113 , -0.01755222, -0.00925599, -0.00876056,  0.0723014 ,\n",
       "        -0.00522604, -0.0083492 , -0.00642547, -0.00584875, -0.00597188],\n",
       "       [-0.00416972, -0.01490193, -0.00785839, -0.00743777, -0.00522604,\n",
       "         0.06217342, -0.00708852, -0.00545526, -0.00496562, -0.00507016],\n",
       "       [-0.00666161, -0.02380755, -0.01255468, -0.01188269, -0.0083492 ,\n",
       "        -0.00708852,  0.09509297, -0.0087154 , -0.00793315, -0.00810016],\n",
       "       [-0.00512671, -0.01832207, -0.00966196, -0.00914481, -0.00642547,\n",
       "        -0.00545526, -0.0087154 ,  0.07519077, -0.00610528, -0.00623381],\n",
       "       [-0.00466656, -0.01667757, -0.00879475, -0.00832401, -0.00584875,\n",
       "        -0.00496562, -0.00793315, -0.00610528,  0.06898999, -0.00567429],\n",
       "       [-0.0047648 , -0.01702867, -0.0089799 , -0.00849925, -0.00597188,\n",
       "        -0.00507016, -0.00810016, -0.00623381, -0.00567429,  0.07032293]],\n",
       "      dtype=float32)"
      ]
     },
     "execution_count": 247,
     "metadata": {},
     "output_type": "execute_result"
    }
   ],
   "source": [
    "softmax_jacobian[0]"
   ]
  },
  {
   "cell_type": "code",
   "execution_count": 464,
   "id": "260f1063-c94a-4161-bb17-4ecde98b86d0",
   "metadata": {},
   "outputs": [
    {
     "data": {
      "text/plain": [
       "array([[0.08925878, 0.08889606, 0.12766595, 0.11296537, 0.20019475,\n",
       "        0.14092053, 0.14192222, 0.12775329, 0.14536503, 0.07390672],\n",
       "       [0.08957201, 0.13120301, 0.05189087, 0.12591673, 0.0566518 ,\n",
       "        0.08011059, 0.079431  , 0.0906648 , 0.05936025, 0.12427244],\n",
       "       [0.06105398, 0.10024009, 0.06656912, 0.16183977, 0.1147434 ,\n",
       "        0.12650572, 0.08724198, 0.12380946, 0.15019538, 0.06352715],\n",
       "       [0.10688505, 0.13372275, 0.11967024, 0.12886088, 0.13369322,\n",
       "        0.09956072, 0.115175  , 0.13950253, 0.13185243, 0.10784954],\n",
       "       [0.16330922, 0.10122594, 0.14699067, 0.05863852, 0.06590062,\n",
       "        0.08606255, 0.10361956, 0.0775246 , 0.07211641, 0.14247756],\n",
       "       [0.09656812, 0.08146655, 0.11427972, 0.07601424, 0.10127148,\n",
       "        0.09196494, 0.09691378, 0.09421347, 0.0970476 , 0.08282027],\n",
       "       [0.07437302, 0.07683045, 0.07448577, 0.09958884, 0.08023824,\n",
       "        0.1109391 , 0.08220668, 0.09032877, 0.11103949, 0.07178737],\n",
       "       [0.09778228, 0.09846956, 0.083497  , 0.07739475, 0.07232323,\n",
       "        0.08690467, 0.09805779, 0.07363713, 0.06451748, 0.1204317 ],\n",
       "       [0.07953811, 0.08790071, 0.08622988, 0.0953335 , 0.09720203,\n",
       "        0.09234753, 0.08851165, 0.09997213, 0.10177314, 0.07779986],\n",
       "       [0.14165951, 0.10004484, 0.12872075, 0.06344746, 0.07778117,\n",
       "        0.08468369, 0.10692029, 0.08259383, 0.06673279, 0.13512737]],\n",
       "      dtype=float32)"
      ]
     },
     "execution_count": 464,
     "metadata": {},
     "output_type": "execute_result"
    }
   ],
   "source": [
    "X_out"
   ]
  },
  {
   "cell_type": "code",
   "execution_count": 463,
   "id": "3a7ac6c5-0ed7-4dbf-8fa6-e5bd82477a37",
   "metadata": {},
   "outputs": [
    {
     "data": {
      "text/plain": [
       "array([[0., 0., 0., 0., 1., 0., 1., 0., 0., 0.],\n",
       "       [0., 0., 0., 0., 0., 0., 0., 0., 0., 0.],\n",
       "       [0., 0., 0., 0., 0., 0., 0., 0., 0., 0.],\n",
       "       [0., 0., 0., 0., 0., 0., 0., 0., 0., 0.],\n",
       "       [1., 0., 1., 0., 0., 1., 0., 0., 0., 0.],\n",
       "       [0., 0., 0., 0., 0., 0., 0., 1., 0., 0.],\n",
       "       [0., 0., 0., 0., 0., 0., 0., 0., 1., 0.],\n",
       "       [0., 1., 0., 0., 0., 0., 0., 0., 0., 1.],\n",
       "       [0., 0., 0., 0., 0., 0., 0., 0., 0., 0.],\n",
       "       [0., 0., 0., 1., 0., 0., 0., 0., 0., 0.]], dtype=float32)"
      ]
     },
     "execution_count": 463,
     "metadata": {},
     "output_type": "execute_result"
    }
   ],
   "source": [
    "Y_out"
   ]
  },
  {
   "cell_type": "code",
   "execution_count": 610,
   "id": "b40a16a7-8aa0-49ba-a39f-4c07f6460fc6",
   "metadata": {},
   "outputs": [
    {
     "data": {
      "text/plain": [
       "array([[-0.03410358,  0.06907154, -0.14493439,  0.00984601,  0.09148291,\n",
       "         0.09594077, -0.13898598, -0.02408113,  0.1360931 , -0.09288824],\n",
       "       [-0.3262692 , -0.04981571, -0.44655198, -0.288967  , -0.1154201 ,\n",
       "        -0.15252498, -0.14137527, -0.5577737 ,  0.11949975,  0.23902722],\n",
       "       [ 0.03624357, -0.5324347 ,  0.16552198,  0.05989267,  0.15146452,\n",
       "        -0.14603886, -0.16105486,  0.01352129,  0.2304196 , -0.05778806],\n",
       "       [ 0.0354703 , -0.00736302,  0.44508144,  0.09901907, -0.48362368,\n",
       "         0.17340447,  0.07920033,  0.04106402, -0.10077172,  0.15793362],\n",
       "       [-0.15311596, -0.11545851, -0.16065267, -0.01116844, -0.02712696,\n",
       "        -0.37266314, -0.329929  ,  0.08775997, -0.09071223, -0.65851235],\n",
       "       [-0.05623036,  0.03964004, -0.07251501,  0.03244711, -0.01472639,\n",
       "        -0.0293797 ,  0.17123434,  0.17708598, -0.59468246,  0.06968942],\n",
       "       [ 0.13461374,  0.07985534,  0.04422081,  0.02185817, -0.15347934,\n",
       "         0.10629322,  0.08203244,  0.08091711,  0.0185787 ,  0.23921712],\n",
       "       [-0.02281462,  0.4004837 ,  0.03617381,  0.02800115, -0.12577224,\n",
       "        -0.01426423, -0.08773351,  0.07641161, -0.00335433,  0.0161635 ],\n",
       "       [ 0.2592153 ,  0.02624877, -0.15704332, -0.02430237,  0.32724166,\n",
       "        -0.01668633,  0.19218135,  0.09842419,  0.3021813 , -0.02816276],\n",
       "       [ 0.04594368,  0.06196141,  0.01253983, -0.00967815,  0.28182274,\n",
       "         0.26729155,  0.2520528 , -0.02568513, -0.03496372,  0.05464814]],\n",
       "      dtype=float32)"
      ]
     },
     "execution_count": 610,
     "metadata": {},
     "output_type": "execute_result"
    }
   ],
   "source": [
    "dX_out"
   ]
  },
  {
   "cell_type": "code",
   "execution_count": 611,
   "id": "3aa24fd0-4267-40ab-a2bd-56d580477385",
   "metadata": {},
   "outputs": [
    {
     "data": {
      "text/plain": [
       "array([[-0.03897755,  0.07872485, -0.16312113,  0.01126234,  0.10397979,\n",
       "         0.10897624, -0.15663338, -0.027535  ,  0.15346867, -0.10555597],\n",
       "       [-0.22865885, -0.05687773, -0.4292755 , -0.18598668, -0.1306847 ,\n",
       "        -0.1713601 , -0.15924251, -0.5382505 ,  0.13520314,  0.26133618],\n",
       "       [ 0.0414186 , -0.50197387, -0.10253269,  0.06832526,  0.17021182,\n",
       "        -0.16432276, -0.18056251,  0.0154653 ,  0.2527599 , -0.06593686],\n",
       "       [ 0.04053664, -0.00842246,  0.42842177,  0.11242062, -0.4331866 ,\n",
       "         0.19377382,  0.09016499,  0.04691394, -0.11437949,  0.17720228],\n",
       "       [-0.17199963, -0.13072729, -0.18012999, -0.01277473, -0.03101398,\n",
       "        -0.28535283, -0.2329935 ,  0.09979966, -0.10311501, -0.6843366 ],\n",
       "       [-0.06416824,  0.0452911 , -0.08261861,  0.03708746, -0.01684321,\n",
       "        -0.03358625,  0.19146223,  0.19768523, -0.59155446,  0.07942385],\n",
       "       [ 0.15184797,  0.09090338,  0.05051003,  0.02499516, -0.17239273,\n",
       "         0.12053986,  0.09335634,  0.09209993,  0.02124719,  0.2615243 ],\n",
       "       [-0.02608803,  0.3998478 ,  0.04133904,  0.03201225, -0.14212959,\n",
       "        -0.01631479, -0.09976992,  0.08701926, -0.0038371 ,  0.01848627],\n",
       "       [ 0.2810634 ,  0.03001103, -0.17624228, -0.02778774,  0.3429444 ,\n",
       "        -0.01908399,  0.21358538,  0.11175538,  0.321043  , -0.03219678],\n",
       "       [ 0.05247168,  0.0706716 ,  0.01434301, -0.01107036,  0.30245993,\n",
       "         0.28879476,  0.2741286 , -0.02936726, -0.03995879,  0.06237106]],\n",
       "      dtype=float32)"
      ]
     },
     "execution_count": 611,
     "metadata": {},
     "output_type": "execute_result"
    }
   ],
   "source": [
    "dX_out_activation"
   ]
  },
  {
   "cell_type": "code",
   "execution_count": 252,
   "id": "ebd2705d-4510-4608-89d8-4354c4066340",
   "metadata": {},
   "outputs": [],
   "source": [
    "my_dX_out_activ = my_activation_deriv_soft(dX_out, softmax_jacobian)"
   ]
  },
  {
   "cell_type": "code",
   "execution_count": 329,
   "id": "b559a26d-25b0-4cfd-a802-b18152d1e0fc",
   "metadata": {},
   "outputs": [
    {
     "data": {
      "text/plain": [
       "array([[-0.01337637],\n",
       "       [ 0.00572512],\n",
       "       [ 0.00910057],\n",
       "       ...,\n",
       "       [ 0.03248086],\n",
       "       [-0.02303151],\n",
       "       [ 0.05134966]], dtype=float32)"
      ]
     },
     "execution_count": 329,
     "metadata": {},
     "output_type": "execute_result"
    }
   ],
   "source": [
    "W_h2"
   ]
  },
  {
   "cell_type": "code",
   "execution_count": 380,
   "id": "17285f85-3984-496c-893e-c3315419ac7f",
   "metadata": {},
   "outputs": [
    {
     "data": {
      "text/plain": [
       "array([[0.08463813, 0.11203731, 0.09107924, 0.09136382, 0.08848689,\n",
       "        0.0914972 , 0.09937358, 0.09016616, 0.09812659, 0.0894408 ],\n",
       "       [0.1295389 , 0.10394011, 0.14511462, 0.11569617, 0.1258271 ,\n",
       "        0.13012263, 0.11542963, 0.11649109, 0.10510141, 0.12236701],\n",
       "       [0.09395782, 0.10705321, 0.10824035, 0.09319438, 0.0984033 ,\n",
       "        0.10101824, 0.10444695, 0.09144088, 0.09701362, 0.0952976 ],\n",
       "       [0.09639616, 0.11628019, 0.09265352, 0.10462394, 0.0939562 ,\n",
       "        0.09355009, 0.11439992, 0.09501461, 0.12176774, 0.09881959],\n",
       "       [0.10440499, 0.08303432, 0.0950911 , 0.10458504, 0.10718062,\n",
       "        0.10135925, 0.08658844, 0.1124576 , 0.08752216, 0.10403299],\n",
       "       [0.08468217, 0.09766331, 0.07823056, 0.08411524, 0.08150449,\n",
       "        0.08098785, 0.0928577 , 0.07975888, 0.10283215, 0.08348272],\n",
       "       [0.10268229, 0.09685405, 0.10494798, 0.09848896, 0.10508967,\n",
       "        0.10535869, 0.09893812, 0.10314858, 0.09229439, 0.10139438],\n",
       "       [0.09955179, 0.09010492, 0.0956328 , 0.10345281, 0.09915896,\n",
       "        0.09797481, 0.09143986, 0.10502474, 0.09300705, 0.10265362],\n",
       "       [0.09640601, 0.1000592 , 0.09800023, 0.09623407, 0.09620976,\n",
       "        0.09849432, 0.10013371, 0.09606922, 0.09756551, 0.09614763],\n",
       "       [0.10774172, 0.09297344, 0.0910096 , 0.10824556, 0.10418299,\n",
       "        0.09963692, 0.09639216, 0.11042828, 0.10476949, 0.10636368]],\n",
       "      dtype=float32)"
      ]
     },
     "execution_count": 380,
     "metadata": {},
     "output_type": "execute_result"
    }
   ],
   "source": [
    "X_out"
   ]
  },
  {
   "cell_type": "code",
   "execution_count": 466,
   "id": "8da79706-ab54-49d6-86df-bceb8c4022dc",
   "metadata": {},
   "outputs": [],
   "source": [
    "secondDeriv = softmax_second_deriv(X_out)"
   ]
  },
  {
   "cell_type": "code",
   "execution_count": 615,
   "id": "3b572cab-bf4f-421e-b32c-fbecde5e279f",
   "metadata": {},
   "outputs": [
    {
     "data": {
      "text/plain": [
       "array([[ 0.03783344],\n",
       "       [ 0.0803776 ],\n",
       "       [ 0.00490003],\n",
       "       [-0.12519005],\n",
       "       [ 0.01827212],\n",
       "       [-0.09256253],\n",
       "       [-0.09131142],\n",
       "       [ 0.06902752],\n",
       "       [-0.13450256],\n",
       "       [-0.12136352],\n",
       "       [ 0.0411229 ],\n",
       "       [ 0.10638256],\n",
       "       [-0.06176207],\n",
       "       [-0.02602325],\n",
       "       [ 0.01967761],\n",
       "       [ 0.13597862],\n",
       "       [ 0.00256265],\n",
       "       [ 0.07315338],\n",
       "       [ 0.13962145],\n",
       "       [ 0.1134902 ],\n",
       "       [ 0.09736775],\n",
       "       [ 0.10566284],\n",
       "       [-0.06020095],\n",
       "       [-0.12035025],\n",
       "       [ 0.09435086],\n",
       "       [ 0.0495363 ],\n",
       "       [ 0.09664658],\n",
       "       [-0.04811975],\n",
       "       [ 0.01485579],\n",
       "       [ 0.02795524],\n",
       "       [ 0.15808268],\n",
       "       [-0.11211584],\n",
       "       [-0.1009003 ],\n",
       "       [-0.08451113],\n",
       "       [ 0.1154925 ],\n",
       "       [ 0.01896596],\n",
       "       [-0.14152326],\n",
       "       [-0.13205636],\n",
       "       [-0.08598739],\n",
       "       [ 0.0878718 ],\n",
       "       [ 0.02469275],\n",
       "       [-0.14185224],\n",
       "       [-0.07832223],\n",
       "       [ 0.11676299],\n",
       "       [-0.05387843],\n",
       "       [-0.0626017 ],\n",
       "       [-0.09538972],\n",
       "       [ 0.12113842],\n",
       "       [-0.07727925],\n",
       "       [-0.09941543],\n",
       "       [ 0.02512138],\n",
       "       [-0.10294829],\n",
       "       [ 0.13473603],\n",
       "       [ 0.07296012],\n",
       "       [ 0.04635353],\n",
       "       [-0.01507533],\n",
       "       [ 0.06657209],\n",
       "       [ 0.02914375],\n",
       "       [ 0.08770226],\n",
       "       [-0.08410954],\n",
       "       [ 0.01144401],\n",
       "       [ 0.12506717],\n",
       "       [ 0.15018302],\n",
       "       [ 0.05995876],\n",
       "       [ 0.06780381],\n",
       "       [ 0.01757661],\n",
       "       [ 0.01610214],\n",
       "       [-0.09737444],\n",
       "       [-0.11605629],\n",
       "       [ 0.08955197],\n",
       "       [-0.15773955],\n",
       "       [-0.11218205],\n",
       "       [-0.01071265],\n",
       "       [-0.12714057],\n",
       "       [-0.15270999],\n",
       "       [-0.1068788 ],\n",
       "       [-0.03132067],\n",
       "       [-0.02476873],\n",
       "       [-0.02171695],\n",
       "       [ 0.11015578],\n",
       "       [ 0.08737788],\n",
       "       [ 0.00023931],\n",
       "       [ 0.04667186],\n",
       "       [ 0.03464149],\n",
       "       [ 0.01923318],\n",
       "       [-0.01131956],\n",
       "       [ 0.13281572],\n",
       "       [ 0.04259612],\n",
       "       [ 0.05402498],\n",
       "       [ 0.11087716],\n",
       "       [-0.06490821],\n",
       "       [ 0.06019465],\n",
       "       [ 0.01110902],\n",
       "       [-0.11948703],\n",
       "       [-0.13790826],\n",
       "       [ 0.126266  ],\n",
       "       [ 0.09435541],\n",
       "       [-0.08460009],\n",
       "       [ 0.0944619 ],\n",
       "       [-0.12026496],\n",
       "       [-0.08203234],\n",
       "       [ 0.13765408],\n",
       "       [ 0.08530842],\n",
       "       [-0.09885243],\n",
       "       [-0.00766958],\n",
